1 4
4 4
8 4
21 4
38 4
70 4
184 4
188 4
221 4
232 4
259 4
278 4
296 4
314 4
341 4
348 4
386 4
397 4
405 4
416 4
432 4
448 4
453 4
476 4
519 4
522 4
543 4
554 4
593 4
594 4
595 4
598 4
613 4
622 4
691 4
693 4
709 4
726 4
733 4
744 4
751 4
776 4
777 4
786 4
792 4
797 4
801 4
807 4
819 4
839 4
847 4
853 4
870 4
893 4
896 4
920 4
922 4
931 4
940 4
946 4
951 4
20 6
220 6
347 6
431 6
475 6
518 6
521 6
593 6
621 6
708 6
725 6
750 6
800 6
806 6
945 6
19 8
219 8
346 8
430 8
474 8
620 8
944 8
473 10
472 12